0.5192284
0.5480274
0.62582445
0.60776556
0.4998632
0.4233747
0.40110722
0.39470032
0.41822445
0.38744646
0.4809901
0.41524914
0.25554946
0.23392566
0.6492575
0.66144496
0.6132771
0.63208383
0.23590071
0.25273857
0.23285767
0.22495885
0.41941512
0.46716145
0.5943768
0.60418504
0.59745324
0.60322326
0.19925682
0.2077132
0.19375488
0.18318179
0.44580966
0.51705223
0.52863014
0.52851343
0.52547747
0.5336663
0.10096967
0.104247995
0.5246337
0.51616484
0.40306798
0.3408272
0.21559872
0.25091997
0.09121919
0.11104427
0.62071604
0.5805898
0.5926528
0.5913624
0.49958092
0.45004252
0.58616036
0.5582095
0.11824024
0.092531554
0.24085447
0.19768676
0.56713355
0.5821657
0.8315802
0.5358768
0.52461076
0.84313726
0.20828898
0.17559877
0.51185495
0.4914312
0.51887006
0.52134037
0.5195633
0.5203682
0.5978376
0.59204197
0.83410597
0.84313726
0.5206658
0.51645756
0.6085898
0.60572517
0.5922251
0.5917877
0.64373004
0.66766113
0.5268113
0.5193041
0.6202644
0.60352504
0.40353268
0.39879635
0.59784055
0.6270456
0.5522618
0.5504316
0.17087744
0.18694673
0.83461
0.8360124
0.16099098
0.16210867
0.33156884
0.43706578
0.8367143
0.4509881
0.43037897
0.47926104
0.52541703
0.8228587
0.8221192
0.32508072
0.41506574
0.5374228
0.48944876
0.09329995
0.122759536
0.8429348
0.09693998
0.074374326
0.22689304
0.18522432
0.81449735
0.809495
0.06951362
0.07867685
0.84306353
0.5095832
0.509849
0.8289962
0.84313726
0.8382514
0.35183483
0.3967261
0.5655047
0.6051306
0.6650911
0.64297205
0.06269234
0.09930998
0.07209302
0.08092019
0.8246327
0.8188589
0.8161229
0.42824784
0.3243156
0.8267958
0.8314574
0.1260043
0.14145046
0.594261
0.6059082
0.8150961
0.83486164
0.8254815
0.82812786
0.82244766
0.40239656
0.30560258
0.84313726
0.8280567
0.83321434
0.08033355
0.051409446
0.5362431
0.509336
0.82578516
0.036048558
0.032605473
0.8235578
0.82707655
0.82599074
0.8424378
0.8267009
0.82911813
0.8431314
0.8251863
0.8283453
0.8021861
0.8083468
0.79922056
0.8064352
0.8271508
0.82457507
0.8195381
0.8195581
0.82721215
0.8273883
0.83576816
0.8252498
0.8308233
0.8315872
0.82741797
0.053822342
0.06703453
0.8368231
0.7955497
0.80579716
0.84172976
0.80857056
0.8104872
0.31829092
0.2859211
0.82369345
0.019550147
0.041580673
0.8280317
0.8250834
0.8354778
0.8292096
0.83088946
0.8316903
0.84313726
0.8111252
0.80911046
0.033700883
0.02107179
0.8258351
0.8242105
0.83486617
0.8355372
0.8225133
0.8247997
0.8257844
0.8255823
0.82659537
0.81123465
0.8165223
0.8003794
0.80106145
0.83953476
0.82410103
0.82733786
0.8341733
0.82726437
0.8218799
0.8338934
0.8259655
0.8163307
0.827451
0.8274035
0.8041354
0.80637157
0.8346718
0.8247629
0.83023894
0.82317644
0.8248783
0.80401176
0.79989153
0.82739705
0.05539493
0.034431074
0.81826305
0.8151493
0.8071838
0.8045992
0.80967534
0.7939141
0.8353232
0.826385
0.7530193
0.75106347
0.827451
0.8250533
0.8264828
0.8255255
0.2562792
0.20096236
0.8062846
0.7911488
0.71816665
0.72185916
0.7980358
0.80517393
0.0537341
0.029497402
0.81293166
0.8207637
0.8247803
0.82439035
0.8185915
0.8240052
0.82685643
0.82677484
0.807181
0.8128687
0.83600944
0.8257162
0.82493556
0.804457
0.80760145
0.83464164
0.82680506
0.8167534
0.81329167
0.046846323
0.02292666
0.82872653
0.78540134
0.78080696
0.83473265
0.8253731
0.817073
0.8207244
0.8267227
0.82037413
0.83710706
0.82582873
0.8281608
0.825579
0.82252365
0.8263672
0.8186514
0.81953174
0.05259407
0.03387305
0.82947755
0.8114203
0.8081929
0.83281744
0.830071
0.8147248
0.80716413
0.8230997
0.82725
0.8216343
0.8193045
0.82084066
0.8272628
0.8367032
0.8329537
0.8291159
0.8272248
0.8346414
0.82970643
0.8315039
0.82203233
0.82356286
0.8398573
0.8251024
0.8154827
0.8195841
0.8068502
0.8161495
0.82675827
0.84292233
0.8287473
0.816836
0.8122397
0.82682866
0.6932413
0.6818242
0.8240288
0.8287568
0.8256947
0.81663287
0.828038
0.8405589
0.82636654
0.82313275
0.8238429
0.81786984
0.8240677
0.8228618
0.8291432
0.8419712
0.81958306
0.81905323
0.82569003
0.8241079
0.80954283
0.81241566
0.75538784
0.6804348
0.7623596
0.785868
0.8267751
0.8357901
0.76495415
0.7600671
0.83477944
0.8284031
0.82737976
0.8260678
0.8197577
0.80832607
0.83629847
0.8318445
0.81810474
0.82038987
0.82475173
0.8269005
0.802415
0.79744977
0.82901436
0.821837
0.826875
0.82685614
0.8001151
0.8003433
0.83541185
0.80089957
0.79964584
0.82336
0.7385017
0.68825454
0.7133637
0.76053387
0.7991653
0.8009153
0.8207287
0.8098205
0.82469577
0.82628834
0.83204937
0.80150515
0.7973331
0.83504593
0.83094716
0.8251088
0.82555515
0.8364199
0.8280942
0.84005755
0.8147039
0.80471134
0.8251288
0.046817824
0.04012462
0.8241923
0.82281154
0.72104263
0.707662
0.83132744
0.81930256
0.8186059
0.822642
0.8229684
0.8149053
0.8275942
0.8156734
0.68941945
0.72622347
0.80765295
0.8140117
0.83009285
0.81828964
0.81961036
0.7280577
0.70094067
0.8230791
0.8281494
0.8405592
0.84174067
0.8262828
0.826969
0.82449067
0.8243085
0.8273451
0.83876693
0.8132806
0.81129754
0.8213213
0.81695503
0.82327574
0.8189573
0.8193418
0.8247175
0.7939976
0.789098
0.73061526
0.74796677
0.8066208
0.81875527
0.8296259
0.82436794
0.80283874
0.78535193
0.8417588
0.7094071
0.7547092
0.8404295
0.8041482
0.810167
0.72787565
0.75435954
0.81884086
0.82548547
0.8178908
0.81538075
0.8225256
0.81891716
0.77210546
0.7339198
0.83035254
0.7584109
0.7440633
0.8177812
0.8280222
0.82110083
0.8200167
0.8045655
0.8255318
0.8231949
0.8324901
0.82065773
0.8241542
0.8236192
0.82017815
0.8216837
0.8251826
0.8267095
0.799636
0.7901072
0.8266331
0.828862
0.8280847
0.8159235
0.7844621
0.8279404
0.7836656
0.82385045
0.83449006
0.82423013
0.79943264
0.81636477
0.7694547
0.7710442
0.8270616
0.82879406
0.82558715
0.827491
0.82916915
0.8275012
0.83567476
0.8384804
0.8225432
0.80610734
0.84869635
0.84314245
0.8290688
0.82744503
0.82406944
0.82629424
0.8266706
0.8346399
0.8272626
0.8302882
0.8463129
0.84448546
0.85013473
0.8285354
0.8332158
0.827307
0.82525986
0.8430832
0.84729725
0.8348067
0.8032962
0.82857186
0.83779955
0.8312273
0.81862444
0.8320978
0.83055776
0.82402205
0.8246364
0.83284616
0.7934816
0.7979488
0.7786869
0.7765776
0.83944607
0.7518364
0.7535333
0.82858086
0.82774323
0.84449255
0.82819664
0.8262911
0.84293205
0.84616965
0.7151577
0.7535506
0.82535356
0.8207778
0.84653264
0.8452687
0.82365865
0.82893306
0.8235487
0.7557902
0.7650929
0.7951538
0.8193796
0.8286849
0.82345164
0.8246761
0.81876665
0.8317471
0.84390855
0.8281659
0.76376367
0.845093
0.8430513
0.8374063
0.7706455
0.8405969
0.83537275
0.84313726
0.84270394
0.82468957
0.83219624
0.82798296
0.8237627
0.82271725
0.82893467
0.82960176
0.83263755
0.8441328
0.8446447
0.8410928
0.8432639
0.83540666
0.81893986
0.8301561
0.8180781
0.84573853
0.81331855
0.8102495
0.810113
0.83405745
0.7564693
0.7530715
0.84560186
0.8180611
0.812693
0.82400036
0.8406728
0.84319085
0.81490225
0.77143025
0.80819106
0.7696977
0.8427487
0.7958564
0.81550264
0.8200687
0.81424886
0.814603
0.8392138
0.83539754
0.83942014
0.78553814
0.78106606
0.80529743
0.82283175
0.81437695
0.8346565
0.8433756
0.8373318
0.84118164
0.81473887
0.84272206
0.82115257
0.8227028
0.8235347
0.82939
0.83806497
0.86256003
0.7993426
0.81154054
0.795758
0.79552436
0.8350926
0.7952397
0.8352526
0.8342082
0.78360677
0.84325576
0.84457517
0.83442825
0.8371029
0.78812766
0.79907084
0.7953905
0.7985994
0.8019715
0.83595127
0.8015492
0.8404331
0.81721663
0.8241863
0.82296985
0.8254878
0.8056591
0.8082908
0.7853795
0.84554005
0.84583455
0.81593627
0.8150444
0.84185743
0.83731854
0.83562434
0.84292096
0.84322935
0.83716315
0.80779684
0.8247672
0.7544686
0.75979465
0.80966467
0.84566385
0.8025563
0.84423375
0.8364102
0.8222914
0.8252384
0.84423095
0.83675444
0.842905
0.8057753
0.7952181
0.80459
0.85185605
0.82615936
0.7942736
0.8403371
0.8537265
0.7553127
0.75880104
0.82516706
0.8070048
0.8303578
0.08424844
0.10510721
0.84489137
0.79640776
0.8189018
0.7935161
0.84314996
0.81429726
0.75471866
0.7553768
0.8055009
0.79986846
0.81262904
0.8480978
0.80497676
0.81768155
0.84285915
0.81655174
0.81193185
0.7982151
0.8130205
0.81307644
0.79655874
0.8092741
0.07550966
0.07858951
0.81141376
0.824047
0.82467437
0.79716367
0.8032211
0.8431342
0.83604
0.8422224
0.83992445
0.8037881
0.84407854
0.8454528
0.787365
0.7878373
0.80110836
0.8081466
0.8158895
0.84035385
0.8409005
0.82592446
0.81863606
0.75481725
0.858721
0.84425044
0.84412986
0.7991857
0.81431
0.84438175
0.843225
0.8423542
0.79981095
0.08562861
0.064142786
0.802302
0.84492606
0.84370077
0.80893356
0.83319545
0.8034302
0.7921204
0.80364734
0.79941726
0.80033994
0.8006435
0.7575497
0.7607176
0.85200137
0.802998
0.81865215
0.73748046
0.80149984
0.8072204
0.7882551
0.86401874
0.7852626
0.80935806
0.80939585
0.84313726
0.80527645
0.81495386
0.8054405
0.802997
0.845468
0.8455411
0.6468227
0.6528567
0.7950327
0.79949653
0.43633485
0.43546107
0.8173999
0.8181487
0.80853975
0.8218261
0.56976306
0.6324549
0.84895426
0.84538454
0.84457827
0.78220093
0.84501094
0.8446589
0.77784926
0.44041687
0.43656516
0.6226168
0.84313726
0.84313726
0.6497344
0.64705884
0.80975306
0.79316556
0.8388729
0.088376716
0.09365898
0.7953568
0.80301076
0.7940223
0.79978675
0.842898
0.43550748
0.43554434
0.6785344
0.7571775
0.8040367
0.7846591
0.8535728
0.8461469
0.842363
0.67066514
0.06732875
0.042623226
0.7991521
0.8437338
0.843332
0.78502303
0.8247958
0.8446898
0.8440294
0.8136938
0.7807209
0.789556
0.80999535
0.43458915
0.435025
0.84096664
0.79262155
0.7962794
0.7960972
0.7850535
0.616122
0.8372695
0.77592844
0.8442761
0.7890292
0.056868967
0.114144005
0.8072562
0.79915714
0.09022007
0.046106298
0.076771505
0.0822376
0.7973486
0.83774376
0.8110573
0.8190199
0.81505173
0.7095081
0.8259762
0.80660564
0.81793594
0.45927542
0.45018154
0.8057971
0.7796113
0.64705884
0.65237415
0.8044708
0.64705884
0.6491867
0.85246825
0.80106205
0.8351465
0.84092563
0.8426759
0.7634185
0.7946078
0.7985196
0.8331286
0.786991
0.59221625
0.8014652
0.79505885
0.7588282
0.7904836
0.7907671
0.4350517
0.43612644
0.7641445
0.43547237
0.8348008
0.43601653
0.8362835
0.6605212
0.64546067
0.8407369
0.8136261
0.6477919
0.64716184
0.7853348
0.84237903
0.852379
0.85360825
0.7931464
0.82937145
0.80815655
0.8048042
0.6099941
0.4367168
0.72801155
0.43574104
0.8575184
0.6452079
0.670159
0.85882866
0.7854198
0.76879793
0.7855615
0.7785317
0.78843087
0.7828067
0.7972611
0.14496732
0.06034623
0.8485668
0.7961487
0.79541963
0.80025
0.7986876
0.7824588
0.8137831
0.7955991
0.6005805
0.79313725
0.787667
0.65626085
0.7303175
0.049806293
0.13144766
0.51444364
0.7953333
0.79424
0.67841893
0.84447557
0.6462023
0.6569879
0.7607843
0.72782815
0.5469648
0.43529412
0.4361094
0.7834302
0.7830907
0.7658483
0.8426826
0.83500427
0.86478615
0.83436877
0.83113647
0.64705884
0.65593815
0.8011598
0.78340954
0.67094296
0.64795697
0.8265388
0.8317402
0.79419065
0.7310107
0.79306185
0.83565116
0.78810406
0.79367006
0.7963998
0.79135245
0.066609606
0.08737729
0.79265314
0.46470588
0.43650872
0.43606624
0.8400844
0.49934942
0.8271559
0.8189861
0.83677644
0.66099995
0.8299366
0.6471288
0.70644253
0.4957108
0.64004576
0.824097
0.82464397
0.8403892
0.8526678
0.828815
0.07836346
0.14297639
0.8430428
0.84344757
0.81538725
0.7879018
0.8498278
0.8044818
0.80673254
0.524134
0.8357697
0.8365313
0.68830657
0.64782774
0.7982697
0.7987273
0.7952985
0.82437956
0.80366987
0.79138285
0.4407991
0.43539792
0.7890756
0.43765524
0.43729848
0.8131853
0.8083387
0.80482113
0.629779
0.7729556
0.15003249
0.07415417
0.812549
0.80534315
0.79557765
0.7926592
0.43529412
0.4358801
0.7929981
0.8088338
0.43685567
0.44478992
0.079725266
0.114707224
0.55279857
0.79469556
0.8028917
0.43703702
0.4357429
0.77894634
0.7653006
0.5648366
0.79978853
0.64761
0.64721805
0.8048969
0.7941369
0.55890685
0.84232724
0.80765814
0.7969331
0.8143791
0.8352702
0.78776294
0.7817433
0.24859774
0.14976628
0.8430108
0.6573059
0.700505
0.5558539
0.7890537
0.7968271
0.7755362
0.43529412
0.43584478
0.8404782
0.7423791
0.80226034
0.79673094
0.52625185
0.8019796
0.7787641
0.79987127
0.7521699
0.8638606
0.83040607
0.80668765
0.7391685
0.8451871
0.8003279
0.81099033
0.8321033
0.8090296
0.83440745
0.5515981
0.8312983
0.7676172
0.78161603
0.7910164
0.79369044
0.68646675
0.648254
0.7708971
0.75467914
0.78024846
0.7800728
0.83623534
0.8199095
0.8192249
0.77808654
0.43779176
0.4386912
0.87381
0.8667461
0.49656862
0.7948484
0.79483616
0.8368209
0.8388599
0.80007094
0.8032589
0.75370073
0.77306443
0.7798603
0.83524954
0.79324186
0.7619751
0.79462916
0.81347823
0.8538616
0.8160614
0.81766456
0.797335
0.853044
0.8351074
0.7400344
0.8075948
0.81361437
0.82329875
0.46909305
0.7764804
0.8504902
0.85584146
0.76868373
0.75404197
0.77080506
0.786241
0.7895699
0.7624933
0.82704633
0.85023963
0.76976657
0.8052371
0.76729226
0.78530395
0.85302144
0.8001671
0.79837507
0.7324389
0.871433
0.8644631
0.7966176
0.82257414
0.8278141
0.792058
0.84092116
0.84972054
0.7530181
0.8401986
0.8091634
0.8451863
0.79894114
0.73896044
0.7595803
0.09745824
0.84936506
0.088282734
0.81471324
0.8481146
0.82891643
0.84783006
0.7357493
0.8449188
0.7326513
0.8483165
0.8417613
0.8005706
0.7917957
0.8363943
0.81566334
0.8223882
0.80168205
0.8236752
0.73360497
0.7364224
0.82936877
0.7999799
0.85907304
0.8316742
0.77968264
0.7988667
0.8289929
0.7939254
0.79641485
0.73249304
0.84368145
0.74291444
0.796306
0.7993137
0.8074409
0.84112954
0.8171443
0.8026207
0.80306375
0.7883769
0.7844268
0.7397699
0.7318719
0.8571836
0.7564876
0.7359868
0.8572088
0.7390134
0.80703634
0.8384429
0.7804608
0.8090154
0.8640756
0.80810684
0.82874274
0.44681105
0.43896487
0.87122214
0.856743
0.8421685
0.82099634
0.7586769
0.85892814
0.7690247
0.83309716
0.7623228
0.7789676
0.7766717
0.7901676
0.70214236
0.8489683
0.842549
0.7804783
0.7776887
0.84555054
0.7280392
0.76648843
0.79790527
0.81348157
0.820229
0.85995245
0.7245559
0.75655776
0.8699396
0.86990196
0.7277311
0.7508439
0.8479815
0.79808736
0.8442232
0.84778935
0.7925697
0.8298697
0.8452169
0.78909314
0.7963498
0.77017826
0.83930284
0.7922511
0.6557983
0.7624334
0.8095201
0.6659244
0.7767927
0.7976256
0.84285873
0.7889859
0.78997445
0.7485467
0.7648693
0.80472004
0.807217
0.8390196
0.79821354
0.8324381
0.727371
0.7958987
0.79589105
0.79075164
0.8363191
0.7858516
0.80212057
0.8009259
0.7332026
0.7312113
0.8024183
0.8095073
0.8097652
0.80834734
0.77562094
0.8156552
0.84016806
0.84928805
0.84221786
0.82912856
0.8426776
0.7713656
0.7605755
0.68731356
0.82928103
0.8220334
0.8382584
0.8677219
0.84687
0.87152946
0.6800115
0.8328174
0.82871145
0.8309091
0.84817
0.82572263
0.8400582
0.84356314
0.7728658
0.7410323
0.80251783
0.8187532
0.6748617
0.8124339
0.83498776
0.75487226
0.8045732
0.80755186
0.84257704
0.8017118
0.73685944
0.8480145
0.79812634
0.8026362
0.7415248
0.8452948
0.763103
0.73381597
0.8344575
0.807994
0.80499107
0.843268
0.8471568
0.8263815
0.81549954
0.8519321
0.8338235
0.83548933
0.787395
0.83124804
0.8448039
0.80159104
0.8456328
0.8531071
0.8585131
0.8451997
0.8460063
0.77226067
0.8462544
0.8162399
0.6978918
0.7864421
0.73056513
0.85814536
0.8373968
0.84343433
0.71197236
0.709481
0.8058991
0.6915307
0.7496107
0.81883216
0.74550813
0.73502874
0.83035755
0.8484975
0.76456296
0.8353128
0.7356209
0.7952238
0.8512212
0.75900733
0.769723
0.87736666
0.7326203
0.8821778
0.7633308
0.7416122
0.8497162
0.74942815
0.7159467
0.7372549
0.73618025
0.84523815
0.7357444
0.7527378
0.8256645
0.7495098
0.8297428
0.7358628
0.7359273
0.84412754
0.8821169
0.8797954
0.8458742
0.8542745
0.8174183
0.8139216
0.8344714
0.7304421
0.8487751
0.6498921
0.7101961
0.8223937
0.84425986
0.7093456
0.6843137
0.8350305
0.84481794
0.85115546
0.8807598
0.8739277
0.8383589
0.84779084
0.84069234
0.8352428
0.7408292
0.79081476
0.8248803
0.78662306
0.85276425
0.85431224
0.83442265
0.82553965
0.72106445
0.77278864
0.8418803
0.8140795
0.70205414
0.82326204
0.79272467
0.79019606
0.8529738
0.76281196
0.7993967
0.71839404
0.81349206
0.7783701
0.73417795
0.8469966
0.66700315
0.83157265
0.75032675
0.73695326
0.81122005
0.86621845
0.8083779
0.63618165
0.8602963
0.8502696
0.8358974
0.7084334
0.791442
0.80663806
0.8101618
0.8251634
0.807756
0.6383892
0.8372277
0.7504441
0.83917415
0.82393754
0.7325177
0.848268
0.80056024
0.80644256
0.78210396
0.78077734
0.70361036
0.70500696
0.7507843
0.84815687
0.8427753
0.6220464
0.70565826
0.74948096
0.6793579
0.7616686
0.7815875
0.8454935
0.7808326
0.73143464
0.8494118
0.85344577
0.81523377
0.78974676
0.7626838
0.8175137
0.82796025
0.7956291
0.77490574
0.73791516
0.7724219
0.70001453
0.77367353
0.84963363
0.6501961
0.7269583
0.70850843
0.77848905
0.7017706
0.7369354
0.7647274
0.75202125
0.730049
0.7079604
0.8081419
0.8134454
0.7087872
0.7083333
0.7336601
0.7037037
0.7656347
0.89281046
0.89474016
0.7087582
0.71513325
0.8302916
0.72237784
0.7557516
0.76612514
0.8477941
0.7058824
0.7819469
0.702924
0.78611445
0.848296
0.85130715
0.8977241
0.7127101
0.78431374
0.70983505
0.8161765
0.8869179
0.74139434
0.7376906
0.86670864
0.8325146
0.77021116
0.8463437
0.7234289
0.75897914
0.77254903
0.8707665
0.87589127
0.8481596
0.8937535
0.8111312
0.84458655
0.71835095
0.8811111
0.715873
0.6919753
0.7587582
0.73078686
0.7272786
0.75290823
0.7789682
0.7513684
0.79862094
0.88698757
0.88002807
0.8088562
0.7491453
0.71130717
0.7132026
0.8488515
0.7115196
0.62128854
0.7879448
0.80700654
0.70889354
0.78139174
0.850498
0.73287076
0.86575264
0.7805598
0.88078433
0.8782213
0.77911466
0.78479135
0.8042697
0.706825
0.8444172
0.7540023
0.84129184
0.70816994
0.73802954
0.72037035
0.6054189
0.71390146
0.72617775
0.7385714
0.7129554
0.7506787
0.74425775
0.5679925
0.79181796
0.7889978
0.7861755
0.7830338
0.8331881
0.8165032
0.8108989
0.7255377
0.8109543
0.8381901
0.62729824
0.71802056
0.7062425
0.8274074
0.76739496
0.7214379
0.72273964
0.76411456
0.7598444
0.7168215
0.7639106
0.8889738
0.88775146
0.73164403
0.7223529
0.71503264
0.6859516
0.7482051
0.6616013
0.68289214
0.7533769
0.6857143
0.7122199
0.7293391
0.7127451
0.7365287
0.7404684
0.5698341
0.7500467
0.77843136
0.89849174
0.89204913
0.78382355
0.82030165
0.77357465
0.57038814
0.69789916
0.731806
0.6828283
0.75228757
0.89522374
0.8963298
0.8673514
0.8741926
0.7129025
0.713435
0.70931375
0.76029414
0.75571895
0.8079216
0.7711351
0.69982177
0.79433155
0.72192514
0.6291317
0.7058824
0.7095238
0.72862744
0.7090196
0.71087766
0.54833937
0.5710784
0.7520143
0.6306863
0.7128852
0.7647292
0.7336542
0.72461873
0.7235294
0.7117647
0.7967915
0.678462
0.5669934
0.7952763
0.6285571
0.7832766
0.7308124
0.7337255
0.6761555
0.72421694
0.7348039
0.71325016
0.5822021
0.7351019
0.667549
0.57104576
0.7534314
0.79949164
0.7372549
0.7852578
0.7078976
0.7418301
0.70644253
0.7192308
0.714795
0.71597594
0.70980394
0.79908496
0.8017927
0.785938
0.7463382
0.7369398
0.79932964
0.71655774
0.7090632
0.7974479
0.8109555
0.7304695
0.73507625
0.86197263
0.79326296
0.75428104
0.80759805
0.8114216
0.82821673
0.73457015
0.81032604
0.8917087
0.8812885
0.7144385
0.7241327
0.7476621
0.7359812
0.70730835
0.71075463
0.81884193
0.8194045
0.71319073
0.73397017
0.802064
0.740961
0.78875816
0.75439775
0.6314616
0.81421566
0.66541696
0.7260935
0.72205126
0.6317119
0.57866055
0.71907306
0.6258269
0.8458139
0.67067736
0.56960785
0.6577074
0.5650624
0.7091192
0.7070028
0.5972767
0.74957514
0.61132896
0.63585114
0.7549455
0.73517346
0.84408796
0.73614377
0.70651615
0.7082353
0.7058824
0.58787584
0.7781808
0.78449064
0.8098039
0.7359851
0.73188996
0.8593583
0.5810817
0.86588234
0.779777
0.7811996
0.8919786
0.88817585
0.60634923
0.71294117
0.71336895
0.74479306
0.72452253
0.6000754
0.7094678
0.7157983
0.7112745
0.7097339
0.89239454
0.70849675
0.8543992
0.70613134
0.87855023
0.7058824
0.707633
0.8151515
0.8091503
0.61307186
0.7662507
0.7151515
0.6279593
0.84295624
0.7545098
0.74139434
0.8111614
0.669457
0.8087302
0.66709447
0.74131906
0.7262648
0.7908497
0.7258263
0.74460787
0.7454859
0.7008092
0.6130575
0.7671024
0.6721133
0.7562636
0.73450476
0.6014706
0.73709804
0.60793024
0.74704015
0.7377031
0.6118207
0.8131398
0.8212885
0.6067507
0.77067536
0.67988795
0.8037433
0.7745835
0.77254903
0.7494419
0.77289134
0.7838914
0.7594024
0.78595364
0.79333335
0.7045752
0.62792635
0.7439869
0.7292549
0.6614706
0.87148696
0.87
0.82806724
0.8289636
0.7234403
0.62388134
0.7778151
0.8069561
0.80989724
0.7901401
0.70974946
0.64157873
0.7135621
0.7390756
0.7375996
0.8905883
0.8871709
0.7726679
0.7956427
0.6757734
0.78601307
0.62704873
0.7712963
0.69114846
0.7773421
0.7588235
0.7487255
0.7137255
0.75938374
0.77194875
0.7131653
0.79028517
0.77847224
0.7192157
0.7971677
0.62292254
0.8109091
0.70909804
0.7248366
0.74196875
0.59656256
0.5657832
0.7709545
0.76691806
0.7919118
0.8106209
0.5396079
0.79514474
0.78137255
0.56869745
0.56998134
0.87904763
0.8732493
0.77885157
0.7702866
0.65173304
0.6846561
0.7637255
0.71932775
0.59880173
0.7208497
0.80210084
0.80868345
0.60827094
0.6026144
0.6541295
0.64705884
0.78021115
0.77816993
0.5964786
0.6495726
0.64705884
0.7303794
0.78
0.7352941
0.6138324
0.75465685
0.7755991
0.7751634
0.7667974
0.720112
0.6665359
0.6544118
0.65080607
0.64705884
0.79862016
0.7383333
0.6702147
0.61536616
0.65712416
0.64705884
0.64705884
0.64705884
0.65347594
0.5563922
0.7736185
0.7933894
0.74917644
0.7751634
0.7699109
0.74176466
0.7444706
0.76705885
0.7705882
0.7662745
0.78462744
0.76690197
0.64705884
0.6620915
0.69330066
0.6106209
0.6476991
0.64705884
0.6577451
0.64705884
0.75735295
0.7576797
0.716732
0.780915
0.7701961
0.75604576
0.64705884
0.6630719
0.65477943
0.64705884
0.64705884
0.6652287
0.65457517
0.64705884
0.79068625
0.740056
0.64705884
0.65849674
0.7640056
0.7623249
0.80784315
0.66657954
0.64705884
0.8028011
0.73689836
0.73991597
0.64705884
0.66928107
